(0 872 614 31 -1)
(0 489 823 40 -1)
(0 551 938 31 -1)
(0 887 788 31 -1)
(0 162 201 40 -1)
(0 857 970 31 -1)
(0 767 522 40 -1)
(0 611 294 31 -1)
(0 546 785 40 -1)
(0 609 828 31 -1)
(0 814 777 31 -1)
(0 748 815 31 -1)
(0 391 773 31 -1)
(0 483 566 31 -1)
(0 151 943 31 -1)
(0 568 453 40 -1)
(0 930 399 40 -1)
(0 114 193 31 -1)
(0 734 639 40 -1)
(0 228 308 40 -1)
(0 285 394 40 -1)
(0 777 410 31 -1)
(0 679 98 31 -1)
(0 877 335 31 -1)
(0 623 825 40 -1)
(0 774 15 31 -1)
(0 828 424 31 -1)
(0 892 524 40 -1)
(0 908 880 31 -1)
(0 298 858 31 -1)
(0 550 784 31 -1)
(0 435 452 31 -1)
(0 403 453 31 -1)
(0 160 694 40 -1)
(0 680 247 40 -1)
(0 467 715 31 -1)
(0 564 644 40 -1)
(0 929 729 31 -1)
(0 24 427 31 -1)
(0 368 295 31 -1)
(0 969 56 40 -1)
(0 151 540 31 -1)
(0 284 798 31 -1)
(0 943 77 31 -1)
(0 539 297 40 -1)
(0 329 867 31 -1)
(0 435 998 31 -1)
(0 326 97 31 -1)
(0 838 250 31 -1)
(0 819 396 31 -1)
(0 839 515 31 -1)
(0 52 765 31 -1)
(0 391 92 40 -1)
(0 473 493 31 -1)
(0 884 903 31 -1)
(0 217 747 40 -1)
(0 225 429 31 -1)
(0 857 821 31 -1)
(0 389 767 40 -1)
(0 149 266 31 -1)
(0 36 601 40 -1)
(0 166 840 31 -1)
(0 941 613 31 -1)
(0 842 448 31 -1)
(0 483 455 31 -1)
(0 970 409 31 -1)
(0 16 501 31 -1)
(0 319 686 31 -1)
(0 311 957 31 -1)
(0 187 753 31 -1)
(0 501 400 31 -1)
(0 980 557 31 -1)
(0 847 783 31 -1)
(0 290 386 40 -1)
(0 865 167 31 -1)
(0 737 595 31 -1)
(0 912 643 40 -1)
(0 388 354 40 -1)
(0 823 400 31 -1)
(0 598 169 31 -1)
(0 517 923 31 -1)
(0 635 994 31 -1)
(0 896 329 31 -1)
(0 622 944 31 -1)
(0 932 181 40 -1)
(0 303 613 40 -1)
(0 403 959 31 -1)
(0 360 206 31 -1)
(0 175 751 40 -1)
(0 239 920 40 -1)
(0 66 262 40 -1)
(0 595 819 31 -1)
(0 284 741 40 -1)
(0 38 344 40 -1)
(0 243 139 31 -1)
(0 431 454 31 -1)
(0 802 27 40 -1)
(0 522 20 40 -1)
(0 899 459 31 -1)
(0 818 134 40 -1)
(0 120 732 40 -1)
(0 359 67 31 -1)
(0 889 788 40 -1)
(0 135 19 31 -1)
(0 139 137 31 -1)
(0 763 887 31 -1)
(0 165 450 40 -1)
(0 883 993 40 -1)
(0 496 862 31 -1)
(0 795 180 31 -1)
(0 339 10 31 -1)
(0 395 472 31 -1)
(0 721 99 31 -1)
(0 123 335 31 -1)
(0 134 286 31 -1)
(0 611 825 31 -1)
(0 307 98 31 -1)
(0 360 504 31 -1)
(0 433 437 40 -1)
(0 589 605 31 -1)
(0 109 739 31 -1)
(0 488 803 31 -1)
(0 249 186 31 -1)
(0 274 792 31 -1)
(0 911 307 31 -1)
(0 358 115 31 -1)
(0 730 181 40 -1)
(0 675 817 31 -1)
(0 668 260 31 -1)
(0 375 857 40 -1)
(0 225 427 40 -1)
(0 500 212 40 -1)
(0 841 142 31 -1)
(0 599 634 31 -1)
(0 823 41 31 -1)
(0 304 37 40 -1)
(0 453 186 31 -1)
(0 779 318 31 -1)
(0 360 557 31 -1)
(0 715 978 40 -1)
(0 682 796 40 -1)
(0 765 906 40 -1)
(0 540 541 40 -1)
(0 178 833 31 -1)
(0 973 635 40 -1)
(0 320 266 31 -1)
(0 814 246 31 -1)
(0 347 572 40 -1)
(0 848 308 31 -1)
(0 760 996 40 -1)
(0 538 630 31 -1)
(0 697 602 31 -1)
(0 319 256 40 -1)
(0 619 60 31 -1)
(0 172 830 31 -1)
(0 862 345 31 -1)
(0 469 34 40 -1)
(0 151 777 31 -1)
(0 247 908 31 -1)
(0 875 293 31 -1)
(0 216 201 40 -1)
(0 967 4 31 -1)
(0 986 779 31 -1)
(0 487 389 31 -1)
(0 30 655 31 -1)
(0 516 512 31 -1)
(0 119 808 40 -1)
(0 559 149 31 -1)
(0 685 857 31 -1)
(0 679 848 31 -1)
(0 317 244 31 -1)
(0 593 733 40 -1)
(0 499 151 31 -1)
(0 843 921 31 -1)
(0 363 706 31 -1)
(0 409 540 31 -1)
(0 695 712 31 -1)
(0 421 472 31 -1)
(0 572 726 31 -1)
(0 472 732 31 -1)
(0 346 570 31 -1)
(0 526 553 40 -1)
(0 420 61 31 -1)
(0 388 950 31 -1)
(0 281 441 31 -1)
(0 819 83 31 -1)
(0 847 142 40 -1)
(0 969 559 31 -1)
(0 127 284 31 -1)
(0 585 648 40 -1)
(0 520 882 31 -1)
(0 779 23 31 -1)
(0 554 19 31 -1)
(0 110 785 40 -1)
(0 550 481 31 -1)
(0 5 573 31 -1)
(0 470 72 40 -1)
(0 628 771 31 -1)
(0 695 391 31 -1)
(0 857 161 40 -1)
(0 23 541 31 -1)
(0 77 216 31 -1)
(0 245 135 31 -1)
(0 830 841 31 -1)
(0 911 938 31 -1)
(0 225 727 40 -1)
(0 41 156 40 -1)
(0 272 532 31 -1)
(0 349 501 31 -1)
(0 928 487 31 -1)
(0 436 649 31 -1)
(0 319 593 40 -1)
(0 95 20 31 -1)
(0 854 927 31 -1)
(0 886 788 31 -1)
(0 350 17 31 -1)
(0 418 751 31 -1)
(0 340 610 31 -1)
(0 509 387 40 -1)
(0 556 25 31 -1)
